image: nea_map.pgm
resolution: 0.050000
origin: [-8.900000, -33.999998, 0.0]
negate: 0
occupied_thresh: 0.65
free_thresh: 0.196

